div.stage {
    -moz-perspective: 600px;
    -ms-perspective: 600px;
    -webkit-perspective: 600px;
    perspective: 600px;
}

.css3d {
    -moz-transition-property: transform;
    -o-transition-property: transform;
    -webkit-transition-property: transform;
    transition-property: transform;
    -moz-transition-duration: 0.7s;
    -o-transition-duration: 0.7s;
    -webkit-transition-duration: 0.7s;
    transition-duration: 0.7s;
    -moz-transform: matrix3d(0.7109, 0, -0.703279, 0, 0, 1, 0, 0, 0.703279, 0, 0.7109, 0, 0, 0, 0, 1);
    -ms-transform: matrix3d(0.7109, 0, -0.703279, 0, 0, 1, 0, 0, 0.703279, 0, 0.7109, 0, 0, 0, 0, 1);
    -o-transform: matrix3d(0.7109, 0, -0.703279, 0, 0, 1, 0, 0, 0.703279, 0, 0.7109, 0, 0, 0, 0, 1);
    -webkit-transform: matrix3d(0.7109, 0, -0.703279, 0, 0, 1, 0, 0, 0.703279, 0, 0.7109, 0, 0, 0, 0, 1);
    transform: matrix3d(0.7109, 0, -0.703279, 0, 0, 1, 0, 0, 0.703279, 0, 0.7109, 0, 0, 0, 0, 1);
}

    .css3d:hover {
        z-index: 1;
        -moz-transition-property: transform;
        -o-transition-property: transform;
        -webkit-transition-property: transform;
        transition-property: transform;
        -moz-transition-duration: 0.7s;
        -o-transition-duration: 0.7s;
        -webkit-transition-duration: 0.7s;
        transition-duration: 0.7s;
        -moz-transform: matrix3d(1, 0, 0, 0, 0, 1, 0, 0, 0, 0, 1, 0, 0, 0, 200, 1);
        -ms-transform: matrix3d(1, 0, 0, 0, 0, 1, 0, 0, 0, 0, 1, 0, 0, 0, 200, 1);
        -o-transform: matrix3d(1, 0, 0, 0, 0, 1, 0, 0, 0, 0, 1, 0, 0, 0, 200, 1);
        -webkit-transform: matrix3d(1, 0, 0, 0, 0, 1, 0, 0, 0, 0, 1, 0, 0, 0, 200, 1);
        transform: matrix3d(1, 0, 0, 0, 0, 1, 0, 0, 0, 0, 1, 0, 0, 0, 200, 1);
        -webkit-backface-visibility: hidden;
        -webkit-transform: scale(1);
    }

/*
 * Animation for webkit
*/
@-webkit-keyframes bounce {
    0%, 20%, 50%, 80%, 100% {
        -webkit-transform: translateY(0);
    }

    40% {
        -webkit-transform: translateY(-30px);
    }

    60% {
        -webkit-transform: translateY(-15px);
    }
}

@keyframes bounce {
    0%, 20%, 50%, 80%, 100% {
        -moz-transform: translateY(0);
        -ms-transform: translateY(0);
        -o-transform: translateY(0);
        -webkit-transform: translateY(0);
        transform: translateY(0);
    }

    40% {
        -moz-transform: translateY(-30px);
        -ms-transform: translateY(-30px);
        -o-transform: translateY(-30px);
        -webkit-transform: translateY(-30px);
        transform: translateY(-30px);
    }

    60% {
        -moz-transform: translateY(-15px);
        -ms-transform: translateY(-15px);
        -o-transform: translateY(-15px);
        -webkit-transform: translateY(-15px);
        transform: translateY(-15px);
    }
}

/*
 * Adding the animation to our element
*/
.bounce {
    -webkit-animation-name: bounce;
    -moz-animation-name: bounce;
    -o-animation-name: bounce;
    animation-name: bounce;
}


.glossy {
    -webkit-box-shadow: inset 0 -1px 0 rgba(0,0,0,.5);
    -moz-box-shadow: inset 0 -1px 0 rgba(0,0,0,.5);
    box-shadow: inset 0 -1px 0 rgba(0,0,0,.5);
    -webkit-border-radius: 20px;
    -moz-border-radius: 20px;
    border-radius: 20px;
}

    .glossy:after {
        position: absolute;
        content: ' ';
        width: 100%;
        height: 50%;
        top: 0;
        left: 0;
        -webkit-border-radius: 20px;
        -moz-border-radius: 20px;
        border-radius: 20px;
        background: -moz-linear-gradient(top, rgba(255,255,255,0.7) 0%, rgba(255,255,255,.1) 100%);
        background: -webkit-gradient(linear, left top, left bottom, color-stop(0%,rgba(255,255,255,0.7)), color-stop(100%,rgba(255,255,255,.1)));
        background: linear-gradient(top, rgba(255,255,255,0.7) 0%,rgba(255,255,255,.1) 100%);
    }
